{
  "advancedEditorSelectedIdentifier" : "ProjectBrowser",
  "openSceneRelativePaths" : [
    "Scene.usda",
    "GridMaterial.usda",
    "Planets.usda"
  ],
  "recentIdentifiers" : {
    "D66134B1-3681-4A8E-AFE5-29F257229F3B" : [

    ]
  },
  "sceneCameraHistory" : {
    "90F8DC02-12C2-4F65-92A2-7F4B92EEACBA" : [
      {
        "date" : 740337107.001091,
        "title" : "Untitled",
        "transform" : [
          -0.8308075,
          -1.5579557e-08,
          0.55655986,
          0,
          0.1920824,
          0.93855697,
          0.286732,
          0,
          -0.5223631,
          0.34512442,
          -0.7797601,
          0,
          -3.7826197,
          2.0106459,
          -3.0992815,
          1
        ]
      },
      {
        "date" : 740337099.043411,
        "title" : "Untitled",
        "transform" : [
          -0.8308075,
          -1.5579557e-08,
          0.55655986,
          0,
          0.1920824,
          0.93855697,
          0.286732,
          0,
          -0.5223631,
          0.34512442,
          -0.7797601,
          0,
          -2.598116,
          1.6211737,
          -4.065165,
          1
        ]
      },
      {
        "date" : 740337097.113794,
        "title" : "Untitled",
        "transform" : [
          -0.45708165,
          -9.920255e-07,
          0.8894247,
          0,
          0.56083333,
          0.7761423,
          0.28821707,
          0,
          -0.69032043,
          0.6305578,
          -0.35475984,
          0,
          -4.087871,
          3.4601974,
          -1.6754625,
          1
        ]
      },
      {
        "date" : 740337091.259142,
        "title" : "Untitled",
        "transform" : [
          -0.5899147,
          3.8700108e-08,
          0.8074656,
          0,
          0.460781,
          0.82119274,
          0.33663535,
          0,
          -0.66308486,
          0.57065094,
          -0.48443368,
          0,
          -3.7732878,
          3.0687866,
          -2.4341733,
          1
        ]
      },
      {
        "date" : 740337088.063241,
        "title" : "Untitled",
        "transform" : [
          -0.30434105,
          2.6740418e-07,
          0.95256317,
          0,
          0.4752333,
          0.8666599,
          0.15183535,
          0,
          -0.82554823,
          0.49889943,
          -0.2637603,
          0,
          -4.2975483,
          2.7777445,
          -1.4761078,
          1
        ]
      },
      {
        "date" : 740337086.698107,
        "title" : "Untitled",
        "transform" : [
          -0.30434105,
          2.6740418e-07,
          0.95256317,
          0,
          0.4752333,
          0.8666599,
          0.15183535,
          0,
          -0.82554823,
          0.49889943,
          -0.2637603,
          0,
          -4.6438217,
          2.4658334,
          -0.98227847,
          1
        ]
      },
      {
        "date" : 740337085.030005,
        "title" : "Untitled",
        "transform" : [
          -0.2753549,
          5.3037823e-09,
          0.9613427,
          0,
          0.21666443,
          0.97427166,
          0.062058628,
          0,
          -0.9366089,
          0.2253769,
          -0.26827046,
          0,
          -4.930353,
          1.3294334,
          -0.9484381,
          1
        ]
      },
      {
        "date" : 740337083.998242,
        "title" : "Untitled",
        "transform" : [
          -0.27535486,
          1.814642e-09,
          0.96134263,
          0,
          0.21666443,
          0.9742717,
          0.06205863,
          0,
          -0.9366089,
          0.2253769,
          -0.26827046,
          0,
          -4.930353,
          1.3294334,
          -0.9484381,
          1
        ]
      },
      {
        "date" : 740337082.235689,
        "title" : "Untitled",
        "transform" : [
          -0.27532563,
          -2.3583198e-09,
          0.96135104,
          0,
          0.3896554,
          0.91417456,
          0.111595154,
          0,
          -0.8788427,
          0.40532067,
          -0.2516957,
          0,
          -4.7849007,
          2.0714147,
          -0.9067077,
          1
        ]
      },
      {
        "date" : 740335596.169309,
        "title" : "Untitled",
        "transform" : [
          -0.27532563,
          -2.3583198e-09,
          0.96135104,
          0,
          0.3896554,
          0.91417456,
          0.111595154,
          0,
          -0.8788427,
          0.40532067,
          -0.2516957,
          0,
          -5.2801347,
          1.1220701,
          -0.7062933,
          1
        ]
      }
    ],
    "667CC6F1-BBAC-4E51-B6CE-BD963DA34666" : [
      {
        "date" : 739222208.818509,
        "title" : "Untitled",
        "transform" : [
          0.99998814,
          -1.5657545e-11,
          0.0048640845,
          0,
          0.0029939553,
          0.7881191,
          -0.6155155,
          0,
          -0.003833478,
          0.6155228,
          0.7881098,
          0,
          -0.0016808128,
          0.26987988,
          0.34555176,
          1
        ]
      },
      {
        "date" : 739220754.983282,
        "title" : "Untitled",
        "transform" : [
          0.99999994,
          0,
          -0,
          0,
          -0,
          0.8660254,
          -0.49999994,
          0,
          0,
          0.49999994,
          0.8660254,
          0,
          0,
          0.21922818,
          0.37971434,
          1
        ]
      }
    ],
    "66168B71-AB05-424E-8B6C-D33D6E61B08F" : [
      {
        "date" : 740185255.474719,
        "title" : "Untitled",
        "transform" : [
          0.99999994,
          0,
          -0,
          0,
          -0,
          0.8660254,
          -0.49999988,
          0,
          0,
          0.49999988,
          0.8660254,
          0,
          0,
          0.2555777,
          0.44267365,
          1
        ]
      }
    ],
    "AF09ED6F-1707-48FD-8720-65B998362C09" : [
      {
        "date" : 739220628.621733,
        "title" : "Untitled",
        "transform" : [
          1,
          0,
          -0,
          0,
          -0,
          0.8763554,
          -0.48166505,
          0,
          0,
          0.48166505,
          0.8763554,
          0,
          0,
          3.9871624,
          4.788629,
          1
        ]
      }
    ],
    "D66134B1-3681-4A8E-AFE5-29F257229F3B" : [
      {
        "date" : 740101961.390882,
        "title" : "Untitled",
        "transform" : [
          0.99961525,
          -1.1852029e-09,
          -0.027738893,
          0,
          -0.0150658395,
          0.8396472,
          -0.54292345,
          0,
          0.023290869,
          0.54313236,
          0.8393241,
          0,
          0.03821236,
          0.5393647,
          0.6887749,
          1
        ]
      },
      {
        "date" : 740101959.111586,
        "title" : "Untitled",
        "transform" : [
          0.9378278,
          1.2806365e-09,
          0.34710088,
          0,
          0.33821118,
          0.22487094,
          -0.9138087,
          0,
          -0.078052916,
          0.9743886,
          0.21089023,
          0,
          0.023329288,
          0.81222564,
          -0.0075524896,
          1
        ]
      },
      {
        "date" : 740101951.540367,
        "title" : "Untitled",
        "transform" : [
          0.99721205,
          1.8371962e-09,
          0.074619375,
          0,
          0.071176074,
          0.30026734,
          -0.95119584,
          0,
          -0.02240577,
          0.9538551,
          0.29943022,
          0,
          0.012788418,
          0.80482745,
          0.16471145,
          1
        ]
      },
      {
        "date" : 740101949.060554,
        "title" : "Untitled",
        "transform" : [
          0.99999994,
          0,
          0,
          0,
          0,
          0.8660255,
          -0.49999988,
          0,
          0,
          0.49999988,
          0.8660255,
          0,
          0.025043432,
          0.48275307,
          0.6643515,
          1
        ]
      },
      {
        "date" : 740101947.857145,
        "title" : "Untitled",
        "transform" : [
          0.99999994,
          0,
          0,
          0,
          0,
          0.8660255,
          -0.49999988,
          0,
          0,
          0.49999988,
          0.8660255,
          0,
          0,
          0.40819994,
          0.70739484,
          1
        ]
      },
      {
        "date" : 740101943.912089,
        "title" : "Untitled",
        "transform" : [
          0.99999994,
          0,
          0,
          0,
          0,
          0.8660255,
          -0.49999988,
          0,
          0,
          0.49999988,
          0.8660255,
          0,
          0,
          0.24877386,
          0.43111554,
          1
        ]
      },
      {
        "date" : 740101924.862041,
        "title" : "Untitled",
        "transform" : [
          0.99999994,
          0,
          0,
          0,
          0,
          0.8660255,
          -0.49999988,
          0,
          0,
          0.49999988,
          0.8660255,
          0,
          0,
          0.33043006,
          0.5726226,
          1
        ]
      },
      {
        "date" : 739220628.645968,
        "title" : "Untitled",
        "transform" : [
          0.99999994,
          0,
          -0,
          0,
          -0,
          0.8660255,
          -0.49999988,
          0,
          0,
          0.49999988,
          0.8660255,
          0,
          0,
          0.21960407,
          0.38056543,
          1
        ]
      }
    ]
  },
  "selectedSceneRelativePath" : "Planets.usda"
}